0	1
1	1
2	1
3	4
4	1
5	1
6	1
7	1
8	1
9	1
10	1
11	1
12	1
13	2
14	1
15	2
16	1
17	1
18	1
19	1
20	1
21	1
22	1
23	1
24	1
25	1
26	1
27	1
28	1
29	1
30	1
31	1
32	1
33	1
34	1
35	1
36	1
37	1
38	1
39	1
40	1
41	1
42	1
43	1
44	3
45	1
46	1
47	1
48	1
49	1
50	3
51	2
52	2
53	2
54	3
55	3
56	3
57	1
58	1
59	1
60	3
61	4
62	2
63	4
64	5
65	2
66	2
67	1
68	1
69	2
70	2
71	2
72	1
73	1
74	1
75	1
76	2
77	1
78	1
79	2
80	3
81	1
82	1
83	1
84	1
85	2
86	1
87	3
88	6
89	6
90	6
91	1
92	1
93	1
94	1
95	1
96	1
97	1
98	1
99	1
100	1
101	1
102	3
103	5
104	3
105	3
106	3
107	6
108	5
109	8
110	6
111	6
112	1
113	1
114	1
115	1
116	1
117	1
118	1
119	1
120	1
121	1
122	4
123	4
124	4
125	4
126	4
127	4
128	1
129	1
130	1
131	1
132	1
133	1
134	1
135	1
136	1
137	1
138	2
139	2
140	2
141	2
142	4
143	8
144	10
145	1
146	1
147	1
148	1
149	3
150	10
151	4
152	4
153	4
154	1
155	3
156	3
157	3
158	3
159	3
160	4
161	4
162	4
163	4
164	4
165	5
166	4
167	4
168	5
169	4
170	1
171	1
172	10
173	10
174	2
175	2
176	2
177	2
178	1
179	1
180	1
181	10
182	1
183	8
184	10
185	2
186	3
187	4
188	4
189	6
190	6
191	6
192	2
193	2
194	2
195	1
196	1
197	1
198	2
199	1
200	1
201	1
202	1
203	1
204	1
205	1
206	4
207	4
208	4
209	3
210	3
211	3
212	3
213	6
214	6
215	6
216	1
217	1
218	1
219	1
220	1
221	1
222	1
223	1
224	1
225	1
226	1
227	1
228	1
229	1
230	1
231	1
232	1
233	1
234	1
235	1
236	1
237	1
238	1
239	1
240	1
241	6
242	6
243	6
244	6
245	6
246	6
247	6
248	6
249	6
250	1
251	2
252	13
253	13
254	13
255	1
256	1
257	1
258	1
259	1
260	3
261	4
262	2
263	1
264	1
265	1
266	5
267	5
268	7
269	6
270	5
271	0
272	7
273	7
274	7
275	6
276	6
277	6
278	6
279	6
280	6
281	7
282	7
283	1
284	1
285	1
286	1
287	2
288	2
289	2
290	2
291	2
292	2
293	2
294	2
295	2
296	2
297	2
298	3
299	3
300	3
301	3
302	3
303	3
304	3
305	3
306	3
307	3
308	3
309	3
310	6
311	6
312	6
313	6
314	6
315	6
316	6
317	6
318	6
319	6
320	6
321	6
322	6
323	6
324	6
325	6
326	6
327	12
328	12
329	12
330	12
331	12
332	13
333	0
334	8
335	9
336	0
337	2
338	1
339	1
340	1
341	1
342	1
343	1
344	1
345	1
346	1
347	1
348	1
349	2
350	2
351	4
352	4
353	2
354	2
355	2
356	1
357	4
358	2
359	2
360	10
361	10
362	10
363	11
364	11
365	12
366	10
367	10
368	10
369	10
370	2
371	6
372	6
373	6
374	1
375	8
376	11
377	4
378	3
379	1
380	4
381	0
382	7
383	7
384	7
385	11
386	11
387	1
388	1
389	12
390	1
391	1
392	1
393	1
394	1
395	1
396	7
397	7
398	7
399	7
400	7
401	1
402	7
403	3
404	7
405	8
406	10
407	10
408	10
409	10
410	8
411	9
412	10
413	8
414	9
415	10
416	8
417	9
418	10
419	7
420	7
421	7
422	1
423	1
424	1
425	1
426	0
427	9
428	9
429	4
430	2
431	2
432	2
433	2
434	4
435	4
436	1
437	1
438	1
439	2
440	1
441	1
442	1
443	12
444	12
445	2
446	2
447	2
448	4
449	4
450	4
451	8
452	8
453	8
454	7
455	7
456	12
457	7
458	7
459	7
460	6
461	6
462	1
463	1
464	1
465	1
466	3
467	3
468	4
469	1
470	1
471	1
472	1
473	1
474	1
475	1
476	3
477	3
478	1
479	2
480	5
481	5
482	5
483	5
484	1
485	1
486	1
487	1
488	1
489	3
490	1
491	3
492	4
493	4
494	1
495	3
496	0
497	1
498	1
499	15
500	1
501	1
502	1
503	1
504	1
505	15
506	0
507	0
508	13
509	13
510	13
511	15
512	15
513	4
514	4
515	4
516	1
517	1
518	1
519	1
520	1
521	15
522	8
523	8
524	6
525	7
526	1
527	1
528	1
529	1
530	1
531	2
532	5
533	1
534	5
535	2
536	2
537	2
538	2
539	2
540	2
541	7
542	7
543	7
544	1
545	1
546	1
547	1
548	7
549	5
550	5
551	3
552	5
553	5
554	1
555	1
556	5
557	5
558	5
559	5
560	2
561	2
562	6
563	6
564	2
565	3
566	2
567	5
568	2
569	2
570	2
571	4
572	4
573	4
574	8
575	8
576	8
577	5
578	1
579	1
580	3
581	7
582	1
583	4
584	4
585	4
586	4
587	6
588	6
589	5
590	2
591	8
592	2
593	7
594	7
595	7
596	1
597	7
598	9
599	9
600	7
601	5
602	5
603	4
604	4
605	4
606	0
607	1
608	1
609	1
610	1
611	1
612	0
613	0
614	0
615	0
616	0
617	0
618	6
619	1
620	1
621	4
622	1
623	13
624	13
625	13
626	13
627	13
628	1
629	1
630	1
631	3
632	3
633	0
634	1
635	1
636	4
637	5
638	1
639	1
640	1
641	1
642	1
643	4
644	3
645	2
646	2
647	2
648	2
649	2
650	1
651	1
652	1
653	6
654	6
655	2
656	2
657	1
658	1
659	1
660	1
661	1
662	0
663	1
664	1
665	1
666	0
667	0
668	1
669	3
670	4
671	4
672	4
673	1
674	1
675	1
676	1
677	1
678	1
679	3
680	4
681	5
682	6
683	6
684	1
685	1
686	2
687	4
688	4
689	1
690	1
691	2
692	3
693	5
694	2
695	3
696	5
697	4
698	4
699	4
700	4
701	4
702	4
703	4
704	4
705	4
706	4
707	4
708	4
709	4
710	4
711	4
712	4
713	4
714	4
715	4
716	4
717	4
718	4
719	1
720	5
721	5
722	2
723	5
724	4
725	3
726	3
727	2
728	4
729	4
730	4
731	4
732	4
733	4
734	4
735	4
736	4
737	4
738	4
739	1
740	3
741	0
742	1
743	6
744	6
745	6
746	6
747	6
748	12
749	1
750	1
751	1
752	2
753	2
754	2
755	2
756	2
757	2
758	2
759	1
760	8
761	0
762	0
763	4
764	4
765	4
766	6
767	6
768	6
769	1
770	1
771	2
772	5
773	12
774	12
775	1
776	4
777	8
778	1
779	4
780	8
781	1
782	4
783	8
784	1
785	4
786	8
787	1
788	4
789	8
790	1
791	4
792	8
793	1
794	4
795	8
796	1
797	4
798	8
799	1
800	4
801	8
802	1
803	4
804	8
805	1
806	4
807	8
808	1
809	4
810	8
811	1
812	4
813	8
814	1
815	4
816	8
817	1
818	4
819	8
820	1
821	4
822	8
823	1
824	4
825	8
826	1
827	4
828	8
829	1
830	4
831	8
832	1
833	4
834	8
835	1
836	4
837	8
838	1
839	4
840	8
841	1
842	1
843	1
844	1
845	1
846	1
847	1
848	1
849	4
850	1
851	1
852	1
853	1
854	6
855	0
856	1
857	1
858	3
859	3
860	6
861	6
862	1
863	1
864	1
865	5
866	3
867	3
868	1
869	0
870	0
871	0
872	1
873	1
874	5
875	5
876	9
877	9
878	4
879	6
880	9
881	4
882	4
883	0
884	2
885	2
886	1
887	4
888	4
889	3
890	3
891	1
892	13
893	13
894	7
895	7
896	7
897	6
898	6
899	1
900	5
901	9
902	1
903	4
904	4
905	4
906	1
907	15
908	1
909	1
910	1
911	24
912	24
913	22
914	22
915	26
916	26
917	26
918	26
919	26
920	26
921	26
922	26
923	26
924	26
925	8
926	20
927	1
928	1
929	5
930	5
931	6
932	6
933	6
934	6
935	6
936	6
937	1
938	1
939	1
940	1
941	1
942	6
943	6
944	6
945	11
946	11
947	11
948	4
949	0
950	1
951	6
952	4
953	4
954	4
955	4
956	4
957	4
958	5
959	1
960	1
961	1
962	1
963	1
964	1
965	1
966	1
967	1
968	1
969	1
970	1
971	1
972	1
973	1
974	1
975	1
976	1
977	3
978	3
979	2
980	6
981	1
982	1
983	1
984	1
985	1
986	1
987	1
988	0
989	1
990	4
991	1
992	5
993	3
994	5
995	3
996	8
997	5
998	7
999	2
1000	6
1001	15
1002	6
1003	7
1004	4
1005	4
1006	4
1007	4
1008	4
1009	1
1010	4
1011	4
1012	4
1013	4
1014	4
1015	4
1016	2
1017	8
1018	6
1019	5
1020	5
1021	5
1022	4
1023	3
1024	6
1025	4
1026	11
1027	4
1028	1
1029	5
1030	1
1031	1
1032	5
1033	6
1034	6
1035	6
1036	10
1037	9
1038	11
1039	11
1040	11
1041	15
1042	11
1043	3
1044	3
1045	3
1046	3
1047	3
1048	3
1049	3
1050	3
1051	3
1052	3
1053	3
1054	3
1055	2
1056	3
1057	0
1058	5
1059	8
1060	11
1061	11
1062	11
1063	0
1064	1
1065	1
1066	1
1067	0
1068	0
1069	1
1070	5
1071	1
1072	4
1073	6
1074	4
1075	4
1076	6
1077	5
1078	1
1079	5
1080	4
1081	4
1082	6
1083	11
1084	11
1085	1
1086	1
1087	1
1088	1
1089	1
1090	1
1091	1
1092	1
1093	1
1094	1
1095	1
1096	11
1097	11
1098	11
1099	5
1100	1
1101	1
1102	4
1103	4
1104	7
1105	7
1106	4
1107	20
1108	5
1109	5
1110	5
1111	5
1112	7
1113	7
1114	4
1115	5
1116	6
1117	3
1118	3
1119	6
1120	6
1121	1
1122	1
1123	1
1124	1
1125	3
1126	5
1127	1
1128	1
1129	6
1130	6
1131	6
1132	0
1133	1
1134	1
1135	1
1136	1
1137	1
1138	1
1139	1
1140	1
1141	1
1142	1
1143	1
1144	1
1145	1
1146	1
1147	1
1148	1
1149	1
1150	1
1151	1
1152	1
1153	1
1154	1
1155	4
1156	5
1157	5
1158	0
1159	0
1160	0
1161	1
1162	2
1163	3
1164	4
1165	5
1166	1
1167	4
1168	4
1169	1
1170	1
1171	0
1172	1
1173	9
1174	9
1175	9
1176	1
1177	1
1178	7
1179	7
1180	1
1181	8
1182	8
1183	1
1184	1
1185	1
1186	4
1187	4
1188	6
1189	6
1190	6
1191	6
1192	6
1193	6
1194	1
1195	6
1196	6
1197	10
1198	10
1199	10
1200	11
1201	11
1202	11
1203	13
1204	1
1205	1
1206	1
1207	1
1208	5
1209	5
1210	5
1211	4
1212	4
1213	6
1214	11
1215	1
1216	1
1217	0
1218	0
1219	1
1220	1
1221	1
1222	1
1223	1
1224	1
1225	1
1226	1
1227	0
1228	0
1229	6
1230	6
1231	5
1232	1
1233	1
1234	1
1235	1
1236	1
1237	1
1238	1
1239	1
1240	1
1241	1
1242	1
1243	1
1244	1
1245	7
1246	7
1247	4
1248	4
1249	4
1250	5
1251	5
1252	5
1253	5
1254	5
1255	5
1256	1
1257	1
1258	1
1259	1
1260	1
1261	4
1262	2
1263	4
1264	6
1265	4
1266	6
1267	8
1268	8
1269	6
1270	1
1271	1
1272	2
1273	4
1274	2
1275	3
1276	3
1277	3
1278	3
1279	3
1280	5
1281	5
1282	1
1283	1
1284	1
1285	1
1286	1
1287	3
1288	1
1289	1
1290	1
1291	6
1292	1
1293	1
1294	5
1295	4
1296	4
1297	1
1298	1
1299	1
1300	1
1301	6
1302	1
1303	1
1304	1
1305	1
1306	1
1307	1
1308	1
1309	1
1310	1
1311	1
1312	4
1313	1
1314	1
1315	1
1316	1
1317	1
1318	1
1319	1
1320	1
1321	1
1322	1
1323	1
1324	11
1325	12
1326	4
1327	12
1328	4
1329	4
1330	1
1331	4
1332	3
1333	1
1334	4
1335	1
1336	0
1337	1
1338	1
1339	1
1340	1
1341	12
1342	1
1343	1
1344	1
1345	1
1346	1
1347	1
1348	1
1349	1
1350	1
1351	1
1352	1
1353	1
1354	1
1355	1
1356	1
1357	12
1358	1
1359	1
1360	1
1361	1
1362	1
1363	1
1364	1
1365	1
1366	1
1367	1
1368	1
1369	1
1370	1
1371	1
1372	1
1373	1
1374	1
1375	1
1376	3
1377	3
1378	3
1379	3
1380	3
1381	3
1382	3
1383	3
1384	3
1385	3
1386	3
1387	3
1388	3
1389	3
1390	3
1391	3
1392	3
1393	3
1394	1
1395	1
1396	0
1397	1
1398	1
1399	0
1400	1
1401	1
1402	4
1403	4
1404	4
1405	4
1406	0
1407	1
1408	1
1409	3
1410	6
1411	0
1412	1
1413	1
1414	0
1415	3
1416	1
1417	1
1418	1
1419	0
1420	1
1421	1
1422	1
1423	1
1424	1
1425	1
1426	1
1427	1
1428	1
1429	6
1430	1
1431	1
1432	1
1433	1
1434	1
1435	1
1436	1
1437	1
1438	1
1439	2
1440	3
1441	4
1442	5
1443	6
1444	7
1445	4
1446	4
1447	4
1448	4
1449	5
1450	5
1451	5
1452	5
1453	5
1454	5
1455	5
1456	4
1457	4
1458	1
1459	1
1460	1
1461	4
1462	1
1463	1
1464	1
1465	4
1466	0
1467	1
1468	1
1469	1
1470	1
1471	4
1472	4
1473	2
1474	6
1475	6
1476	4
1477	1
1478	1
1479	1
1480	1
1481	1
1482	4
1483	3
1484	6
1485	6
1486	1
1487	1
1488	1
1489	1
1490	1
1491	1
1492	1
1493	1
1494	4
1495	4
1496	1
1497	1
1498	1
1499	1
1500	1
1501	1
1502	1
1503	1
1504	1
1505	1
1506	4
1507	2
1508	2
1509	2
1510	1
1511	1
1512	1
1513	4
1514	1
1515	1
1516	1
1517	4
1518	4
1519	4
1520	6
1521	6
1522	6
1523	1
1524	1
1525	1
1526	1
1527	1
1528	1
1529	1
1530	5
1531	5
1532	6
1533	7
1534	1
1535	1
1536	1
1537	1
1538	1
1539	1
1540	1
1541	1
1542	1
1543	1
1544	1
1545	1
1546	1
1547	1
1548	1
1549	1
1550	1
1551	1
1552	1
1553	1
1554	1
1555	1
1556	1
1557	1
1558	1
1559	1
1560	1
1561	1
1562	1
1563	1
1564	1
1565	1
1566	1
1567	1
1568	1
1569	1
1570	13
1571	13
1572	1
1573	1
1574	1
1575	1
1576	1
